54
38
8
78
24
69
70
55
25
40
3
11
64
68
98
85
25
84
5
4
63
69
96
84
5
89
95
1
79
16
40
92
76
69
53
63
99
0
48
91
11
77
28
29
0
2
39
11
33
69
1
19
69
24
46
85
41
23
72
34
74
68
75
9
0
10
35
95
14
34
86
24
35
14
93
85
40
67
84
3
50
83
68
10
14
21
22
51
22
68
22
75
27
13
17
43
1
19
28
89
67
43
96
99
82
77
83
55
31
60
44
74
39
69
84
90
0
65
94
79
88
83
72
45
12
11
96
21
97
49
84
21
38
95
36
6
86
68
28
37
37
67
20
61
23
47
36
58
29
26
43
36
24
49
1
83
71
51
86
71
80
61
58
81
76
23
36
43
33
78
3
31
37
56
41
20
63
10
22
65
75
38
92
70
6
47
96
88
94
52
34
35
82
56
57
76
8
38
84
0
10
92
24
50
23
12
99
68
8
80
19
60
29
21
96
41
68
88
74
29
27
47
49
80
43
67
48
80
99
65
11
24
25
21
54
82
14
41
46
94
48
27
80
13
33
73
6
60
60
15
7
20
63
55
72
63
42
43
7
55
63
18
69
42
68
94
35
7
67
13
27
27
41
80
80
99
66
35
47
69
61
87
20
83
57
91
61
70
48
91
39
70
34
91
30
29
58
37
45
38
38
99
93
46
88
80
79
83
74
73
96
7
96
37
94
75
98
85
85
77
33
65
58
76
73
57
92
49
49
51
40
29
90
9
31
61
94
74
94
77
11
78
95
75
94
32
74
97
97
55
31
72
52
67
5
73
40
17
72
31
87
29
33
23
33
67
16
86
5
32
81
24
90
8
66
55
69
83
81
41
83
95
52
94
19
67
76
22
4
58
21
76
1
63
89
81
44
71
42
27
15
87
91
64
73
7
81
44
1
49
3
57
36
30
47
92
76
38
3
65
90
93
82
47
11
4
22
27
18
84
10
98
41
53
26
95
3
87
20
12
85
31
21
54
54
63
40
70
15
97
5
6
68
76
37
21
4
43
53
69
85
54
26
17
39
5
16
83
4
52
88
88
17
91
79
58
72
28
93
47
64
51
11
21
79
4
30
64
16
4
91
60
34
51
26
30
5
4
15
49
